22278353647
4836443360
20495062910
26177784126
16682701346
15400537914
15002913057
14015811048
40484643198
54275094252
18767711529
35774839519
20240756841
4860864275
6900389208
47689352097
6711236672
3901675233
44889901135
42252100682
31702860731
44855868991
12231840090
56615846803
893305322
36703368799
44986848876
39203421699
55700796294
54964667040
53045167624
39150767572
45814929691
29717284035
32585619992
42646292050
2503353047
62492365255
31207719519
39844825999
31716529814
67476345301
42388203137
44175970289
67875509768
13470761929
44857680615
49005717022
10262586946
7569896659
43122107988
39078651219
57390903032
11525113936
51252232655
28447259239
57306813428
51992474222
45201306764
3307058797
62015379720
42093913413
60478675969
63847212066
30662615109
52988431465
52840415489
37746369488
30802793625
37886503185
29662258801
64563762578
56881177527
42487780065
50749847754
15422584493
41562912400
33298458787
8460734175
24401090974
20803979808
17651287787
8464455581
15713978081
16807192527
36167545915
30273397573
16682448031
16573013560
14659101169
26254774052
21964657242
49949109633
52170417130
14445531110
3067927204
11064384433
54928440180
27430966549
1192052880
24676102786
17862415509
37396097587
46555191811
32147743377
16121129597
24814334341
10259443175
65724727579
28755817048
23807346887
8155849142
60301860744
14285833690
64905478299
30497541858
13070086401
66374190254
19491189529
37803899589
51269305272
28488901136
4391415115
41946757525
65007553540
45247523072
66649171909
1015644851
38385544161
53922663488
30455388714
6383405748
10986951734
47557862376
628070477
56311312494
37616408306
16762610527
25276369622
1050383708
22477307728
46179136523
25134421521
28410718969
24958105647
24541894711
55719800164
50377853335
39107635923
54378201340
55891798859
50406510541
43317825898
218254611
53991179767
56367159374
1034052167
17266775300
14209499251
41772764666
53126690421
10577116116
68396864192
5400880632
56758531152
3132343490
47013754108
21758164829
23778076116
11037644596
40728820372
9084719462
8367383108
64154644676
50541737729
16262703541
10104953900
26031925442
4768733331
21530525446
16577883741
27588840248
63393552627
45708533112
31400928621
1284421057
67012166690
27040253856
65516808003
41053834597
12888091026
63080292117
34525745870
40809733761
15885947668
34804579883
50249641193
63676998607
51861185903
63892665641
29158682359
30214884917
7836426555
42019803264
46781156406
46183577542
38128774956
49036309978
37903444990
22367682062
32663864952
63237247308
8688963630
34319659844
17575523765
60584878942
63506672301
64124144587
19393098639
11511960437
20341139824
53059149656
56884306791
29696191895
30292619729
46679962326
5010719161
24916379534
6965699791
21225198537
26660482561
13208530905
13629688909
13144553525
13346826097
39694446944
52473903069
20208302334
37408710566
20576443784
4496241037
4359185060
48755881837
7174729102
2243742665
45204352476
39113321087
33024337325
45074681681
11390393100
56837503513
1538311521
36700624481
44275654741
39267757632
55308065935
52184634287
53597795505
40368109936
44947852209
28978962706
32584205692
40558103498
515679927
63593306120
31757964467
39289510240
32831560549
67772145169
39559228386
46046546654
67665227312
16670798297
46591823978
50438498617
10964876212
4946131156
43233989243
42448629179
56594564152
11443669153
50459975502
27467747695
57201140481
54383681982
45868303942
3325865949
60164016181
41908474385
61222960479
61874187354
30872179094
54134965234
54767213471
36966165928
30757484125
35893759490
25839257006
67421442750
57252957387
42699437622
50998663366
14015120958
39023202471
30217355531
4665726385
23209371222
19033776598
21320345942
7178151913
14038893084
16167208503
35001458237
30834455910
17037397148
15102472406
16950956376
29347220851
22219227408
48910296223
53386902225
14815484106
3181298798
11299783025
55198274065
26954622015
1717647488
23049415978
20178755657
34886521146
43566299266
31195539623
16178383236
25148868229
11010129816
65430333542
29264769339
23359617375
5647113779
61073213500
13212037374
65716092217
34282069367
14035729702
68570484172
17310757430
36864276004
51210172911
26653349788
7343860418
39111291554
66649452459
44814058434
66655606383
4031889428
36326121082
55045220560
30546004583
7178187008
9241210924
50689788601
4063746436
56520926754
35693985875
17138106188
24157412075
1360975702
24446501093
46490337856
24415356674
30061602767
22096008967
23412268274
52168006319
49603867943
40994388308
55338995734
56202740190
48933130565
45712371616
2666455837
53235779753
59663813926
501125446
19316268803
15256576485
42788238514
51759052714
12610312020
65611663049
6703552353
59892778054
4118989273
46776272586
24897190866
21818439603
11988571692
39661789906
12724428985
8132465332
61257887791
49874565353
13852239998
9693422280
29290451780
7893302243
23609658698
13607573813
29474807624
64267029827
45503450050
34296160682
3616427338
65354359186
29060901861
67837857812
42258298319
13040956439
60199840716
36399932367
42417639494
13601618627
34699279829
50250427087
61089153965
52399340417
64017569727
29412134443
33284460278
6891578463
40396188288
46582452859
45581302119
38556401778
50017748045
35964970763
22814291716
31728695073
60706773056
11371804482
30645725377
19770441225
62050671450
61360138642
62853201615
19597695568
8769431994
20739934377
53235524338
59305133776
26380670122
33356910899
45262203475
4985524007
21802388599
5631524773
20093731922
27192922306
13632981204
15705978079
13012475579
14874123709
38963093086
55292803583
17307705672
38526677889
17580569952
6761834161
5342843850
50212725364
4785814750
3494040109
45049229176
40459755914
33224832778
44929934934
9795466617
57892431911
3081431580
38565196308
43276486856
39553046360
52191477294
54669482148
53141960142
42798895821
43322829518
26961487981
31813218760
39221176875
3804694949
64064386821
31020013014
40739402423
30997019416
65406562171
40808042844
46029007598
66556670462
15322872355
47194884345
49023299295
11900273808
4385617142
44914467433
38824882868
58546727470
10015965764
47872401031
28763251640
56371773340
51970339072
44334062847
3756390204
62769802358
40786639574
63535761834
62483450435
33379402579
54772798995
52829020067
36199257172
32756651066
37179293254
29894824633
67176252289
58550429457
42858707305
48633511328
15257010694
40527464651
33470844009
5468879754
23217298772
19684140557
20245326241
5780856620
13537790686
16084965284
37542622975
31542550903
14294702891
13974832663
14279294375
27229074930
23950427760
51490750644
54272353537
14928798568
2897490319
8860654198
54059605800
29806689795
878339775
25678186045
19801822997
34833220789
44410434503
30510603949
15831916005
25284136287
9915350711
64509690138
27239268912
22483688087
6075936918
60936608879
14824115874
65791527870
34262199777
16363146358
66330473790
18416454229
37305652966
50640375031
28457108567
7398327403
39366107534
68244624754
45970598453
67881486729
4268359615
38584224831
53040340965
30455526386
6941255420
10080153103
49357311255
1588059516
57910945367
36542681065
13229405719
22271952568
122624518
22181518367
43700987671
21861896019
29588634042
25210435221
22702751909
51672416439
47601040739
42405849778
54844249898
57963879686
51409750355
47191917516
3210041031
51553465551
56973522804
3972422114
18207758127
14862296253
40866079815
52856204996
12664326950
67762886612
5639477824
60040283104
3062807070
43981160445
23606839466
25750765341
8663990148
39395377314
12157422342
7123187243
62049474878
50838749044
16638802993
10208003132
29650682875
7650156693
23779883777
15438705797
27361925027
61191278101
45459063150
30744096933
3750551914
68084283965
26389536541
68187218481
39712941261
15712558039
60812764001
37444317913
42863079603
15945232691
36113651427
48225731857
60216695406
52968643281
62467871931
29390612673
30929064612
6281590497
39408396172
45876425042
44279847123
34985105486
48827135421
38215528979
23604468815
33836920596
63689145311
10071351397
30139851717
18557013810
63675194102
62228961949
62605159918
17860137190
9924868752
18280385247
52805531022
59486053112
29159728274
30383144159
46744871849
4904588816
21753534001
7317771340
20763756758
29723243199
17179465227
15148623566
16362184262
16185035606
41568521729
55756507159
20592507867
35572799446
21389612679
7905152120
7387026126
47712164827
6261514427
48929188
43680494640
41116845316
31565562042
43507378841
9325719657
58748337037
316731661
35298386363
47220968432
42301873562
54658449235
51852759604
52385544914
39106376426
43357171036
27004936512
33850587095
40585075678
3427118678
64187963991
33962977489
39069896461
33807786317
64844876595
41326405661
45010464891
68658861112
14548674557
43387169134
50792950590
9659559053
8282624730
46349890107
38970968984
57934036626
9259954847
48860000579
28381552981
58910691086
51896759921
46406333600
3858699627
60141495589
40814696299
63299848310
63841819467
30572684585
53613853190
52038375841
36136018132
32131954439
36226371520
27299420054
68233004449
59764935172
41954475059
48681695163
16176788466
42481972274
33373140062
5988815091
23844879396
21006074726
21105402639
5459992708
15566905348
14137281651
36138832732
32863595967
15408343023
13898043557
15425898931
27960119364
23741220366
47876580814
52174123576
13743401949
859678681
10741246034
55195685647
27770781695
919432253
22632158939
19338572264
38293737296
44764335661
30818727885
16363204377
25644267383
9971555542
66505784164
28033641793
22423111805
4879416076
61434683685
14984734225
66171771548
32444691843
13759129385
66777026875
17793442883
37184127623
48812322913
28479708116
4563272602
40203518994
65967786452
46812087433
65243966432
1093014912
38500748846
52557749301
32997593228
4358697105
9005873862
51322819138
441799707
59642206664
38041101923
16118831581
24411234323
4160707390
25677717111
45196168540
25415756023
26825674367
23323162327
22237751525
53515478700
49213769344
41603734820
54519500231
57301977337
49976792660
47004385520
3821583969
52649065688
57934663382
1040479207
17999177344
16247775540
40496673149
54064875484
9609654851
66988082028
5325370860
57930572428
444988426
46753503178
22820688321
22322155294
9176685635
42860896794
9481507389
6091231732
63933939213
48738027917
13976187124
12695979867
29958675275
5455514532
23943522174
16155032406
26774083943
63950546444
45440806972
32690199500
3395172269
64457371398
27510540787
65311877073
41845024452
14207593632
61132828391
36292394762
39963747036
13600279260
36876736022
47919886897
63022982390
54209070041
60922142268
29607662713
32497485731
6069847656
40399119666
46553330871
46592310103
34401432650
50284220219
38507486883
25594937634
30502727875
62526574126
9731302666
31758030045
20330391297
63348486851
63267217118
63707918388
19258928268
12329214834
21097442525
52039923602
57271244407
28284103477
34249311415
44350866166
5110007503
22656054546
5607437181
17407573011
27151059816
12992346235
15922835683
16497448589
16272657071
40073777937
54609166019
17293439018
36070650071
21357032528
7759447335
5553308788
47837544640
4745317592
1665432251
46044851388
38910940510
33477909181
43260877234
9069854850
58364342054
3724849702
35795689653
44129089588
38981075547
54477030880
52234507386
53426864825
40328657478
46906792762
26301555144
31290406215
42363131497
4123820595
64142047328
30628108470
42626619098
30691697549
65133270899
41638166152
47152509056
67441269925
14785665980
45678595554
51293827068
12007718672
7072533782
45488465416
41405711322
58451833570
11117727065
49330771293
28220586282
55971709261
54524798997
45839837747
3731903373
61258923070
40971717753
61535757406
62395527301
30142042184
52449313623
53804326571
34868281653
33827319023
34752589770
26335402155
67838194121
56859803624
42165552307
47358898093
14958126705
41289029872
32502040399
7956406277
24486519682
18034826956
19351832740
7598526505
17017930020
13371944946
36723601508
31899334371
15834925462
15968873773
13022479359
29112126702
25605000709
49112302881
53931108933
13446814733
3846334088
10397555929
55498347932
26737325916
2423173987
25155180278
21401136049
37261554821
44492686727
33665156214
14253429878
23630042452
11568941285
64659855361
29579350184
25429033851
4422660122
60461518924
16627787410
64868635590
32035216715
15627168642
67929679108
17254356263
36519062309
50185198927
29496098161
6501122015
40571235254
67540533162
45804683624
65746574133
719401765
37268815591
53816211736
33478318214
8348891817
11901636626
51288754084
3213923619
59371893227
34749385693
14291507176
22273394091
846113335
23523054440
43741427292
22001344317
27398965508
24599663655
23062338981
54770155342
49966451436
42191854877
53589581630
58546752419
49479314902
44445993919
4076556865
52894828409
58878863977
2855844924
18414349101
16858863101
42511982277
55273196276
10630383262
65160386535
5635073173
57369698788
1219589727
44454145932
23854814263
25754941522
11579599527
39802424599
9193082900
4319697301
64232168039
50803041085
15498891126
10049386842
29806679140
8388519812
24979863514
14626435657
27651802071
62062323083
46359714265
32279915254
2231298498
67391764175
26194730575
64444389140
41339403585
13787897739
62296499332
37974014918
40094603218
14360695766
38113325682
48099932573
63335775201
53726662539
61219988699
26948931008
33724216004
7839277697
40062041558
44545741181
44853170010
38355926807
51159737808
35703084839
25473825966
32721237921
62527858304
9122779261
30524443682
17891437263
61611304544
61590190446
64289133180
18141968119
10693796505
21148939655
51758113413
56906094421
26279474345
33828975979
43008851256
5305974351
25605000114
5935483107
18308000296
26539267587
13487053998
14667310365
13632735227
13702721913
41539374111
53689701609
17565588023
35198406644
17634799059
4386542648
6492268323
50584767659
6236140040
1710603192
44403267590
41671402421
32909322104
43509708568
10992329563
57253956393
2991381936
35549070810
44444087270
42222471675
53051106692
54129592624
54912774509
42198930506
46181482947
26146677488
30996362525
39014601782
2300916615
61748236408
31834944909
42541029710
33354706003
68335391987
39017401673
43715750869
66115128864
16169783936
43870966379
49383928273
9180883296
5822145170
45463832197
40939692738
56289161078
11336725778
51494652853
28652928635
56380949650
51907726906
46370950152
2797406482
64399485387
41302443786
63080952570
61439083121
33318462114
53201245072
54612325394
38071739632
30573197556
38408691914
29080727147
65477914340
56753030673
42406434765
51332950133
16582979621
41646782030
30965236923
5406136110
23098968150
17804041616
19374671271
5518618361
14918460016
15292831876
37533445305
32665623926
14265170203
13642784169
15496179089
29678713271
23963182480
47515634594
52271685171
14480039403
601914676
11590899297
54928928294
26034576301
1472473131
23500387447
18848459085
37778809831
44603645972
33116409756
13849844054
24648012964
12529915370
67808409376
29470815485
22780726314
5463642072
60227809309
16999916305
68035409932
30270648788
15173907512
65065970627
19130775353
35065747975
48682499546
25830625326
5744915778
40873603256
65482942591
45649043935
66638803896
86459280
35861140262
52827432521
31715039553
5219874832
9800609062
48257066699
1031101584
56752396653
37933630363
16082725958
24355051516
821446400
24856186591
45961809118
25459555202
26723549270
21885689736
22698094179
55158728679
48798062170
41883775290
54963328319
56007156341
48910635822
44717259829
31883121
54323177364
56610540372
2201123749
18794645078
13073918060
42617153586
53868233351
10172660694
66875581015
6079274578
57836482712
766927894
45262315836
22108714300
24380846938
9184760160
40240080689
9818715263
8281894933
60439740861
49785221210
17120084053
9473326321
26831209403
4686771024
22218709736
12950657442
29331847243
60542968759
45489819838
31422560196
661506368
67405216285
25980855383
64563967382
42089782556
16043530776
60361018479
35847927519
40897339275
16458920916
38133585802
48826619728
62191129751
54946358929
61636024754
27032155317
33658913898
8448291361
42852808418
43598060690
44415047793
34624701155
47320129895
36595744894
22965910743
31337341671
60538790481
12811548831
30691264062
20450675182
61561385687
62255058161
60952048869
17440907162
10758081371
19964874827
52405190092
58873446085
28845046999
32019551518
44428827327
8320374184
24983990754
6614381193
19770796133
28798799209
14992513173
15528867943
17091306928
13110332538
39663792144
54572622979
20173451627
34466449428
18094990872
7214032439
8453251617
48256107117
6449305866
1206821441
43564900895
42166909338
31188836318
43616602378
12838109928
58945686129
3505696242
35585381848
45722674432
42440237141
55037019012
52753656344
51778120160
39761109068
45129091553
27212481015
31764752378
38782332202
163075766
63903183691
31836832164
38962561046
30714028915
66227360306
41589364475
43721224993
64726157704
13637199177
46063507794
50484942466
11919401476
5136583929
45833116471
38961751229
59564497815
11590060180
48364506104
25975602604
56178739676
53856232484
43099221827
967438672
61031557941
38939235990
61611850261
61720031131
32313992047
52833685913
54137696504
36361729643
31241669892
37879097866
30034479484
68611919905
56402456151
38779510618
51536196886
16741972228
40373677212
30145898591
7357150400
24052634727
21134990662
21360388152
7191572765
13887784158
14562393120
36428970841
30955599554
16608468406
13284339455
15586799313
30049990437
22910817196
51046047489
52526200089
13552115091
3406598875
12143519757
55642851661
28081033857
1336867691
23026975981
19538706732
37589917705
45734611434
33177128490
14616527776
23678281186
12475280367
68600913093
26533973186
22894005157
7748759846
61077569808
13805337296
68227797238
32819183117
14997151777
64537637817
20788962379
37845919613
48169859080
25940886417
5219379433
39739395284
64672603001
46889761217
67876757086
4177586329
34788025509
55401173615
33842248310
4969515890
9382804342
50343616871
82682645
56131840003
37586511605
15931656013
23198408251
650999163
21995823084
46776353728
22664560993
29684241240
23296761020
23539858682
53248421219
50081102638
40823794463
52874396285
59741380091
47672783807
46126781579
109680742
54893614353
58070036965
132012282
19979153384
14340761347
40911958056
55687378113
10488253039
66568873190
4910695835
59132013436
3192930643
44768236472
22750590023
22220685538
8594631657
42419818064
12196788905
7592318369
62415850847
47595854068
13133347788
11968006521
29192477420
6797401326
23340573437
15705493782
29665084003
63997948411
47024960132
31159859108
705048364
64844167071
26049393161
65765449529
40534769821
16995489473
60188363822
35766362444
42591684248
13535343441
37645347728
50717107874
61965309543
54219459756
64306874417
27831224726
33887103479
7387628229
39857921182
45385000825
45981706679
36379295443
48665857340
37364534035
23948975566
33416952193
60138806549
10852868319
33918761139
20305749040
61271192614
60232047375
61553372013
18744883473
11988514911
21273727398
53646697661
57570773174
27119265446
32170994059
45184510662
6141596029
21978412068
6376385424
21403932282
26450271114
13228247738
13003854074
15987977620
15292169486
41445207962
53198943430
17637521347
35666886641
20390099602
4585000460
7136067029
49624961259
5805415939
3811533222
43657064039
38671330018
33133559555
45063723211
11346431374
58952322595
730346809
35200783690
46905651961
42543904871
52610361386
53145374419
54976253865
41286857068
45675753366
28854949418
32412677557
41235671255
3222268015
63657738255
32300875543
39319718616
32118372573
68623711068
41930825088
46325691942
68158055189
16511129429
45413145449
50095332537
11916626094
8387213396
44926691304
39254863081
56681990901
12635107481
48508896222
26370625253
57340321855
52238293598
43374361218
1373610962
64138465657
40964158427
62661862509
62961287676
31652793439
52416209986
53788208941
34934748895
33156509761
35932406599
27674740432
67550301357
56981873172
42524480209
49886641439
15525223126
41350960850
34170388597
5973819889
24432713619
18882391884
19211111932
6738942121
13629284336
16999785313
35632218075
33037536270
13618250683
13816688984
16912903079
26029623668
22155320371
49044531727
53558576114
16413649043
1803127588
9171131246
53538204838
29475392671
2993430050
25566748364
18914549393
37309228403
46593583781
30960530694
16539058485
24403899664
10112835615
67985009411
28763043334
22197852044
4526527658
63413491524
13541642970
66488470755
30188553185
15282119008
65688638466
20340332774
38512364879
48567610314
27418671228
8018919698
42441719264
67349567843
44399904242
66836310821
3145702520
37998415645
52404391319
33851183612
7000220941
12560090220
50333889317
1868242678
57904358378
38313905950
15473073780
24273383978
2689095764
24816175350
43442585970
23182821249
29064350266
24095235363
21791810065
55084045570
49688509571
39449093195
52531728533
56268506807
48027479528
44753051524
1106258726
51825077744
58125547508
2346859842
19510942936
14986345396
41833847062
52388790117
12190583804
67923693306
8509776902
56949035017
677940184
46259190226
21706115803
24349847322
9585102384
38814587646
12740382653
5560577663
62708269832
50347973285
15058585838
9798844698
26859351100
5573396037
24650096441
15852394220
27861394517
63957474279
44737712586
33215095086
1407178280
65162291779
26775928330
67897540156
39271904033
15664819533
62764739932
37053715463
42741000256
14054396348
38375723619
49352471168
60135851173
53998209076
60220932184
26096862131
30510176713
8378979261
41967965903
45559704930
43639832747
34500400879
51430549285
36520576948
23227849528
30774338343
63674436462
8744969706
33685856163
19792170352
62385057228
62827909944
61291462621
19072239704
10090908610
20134379719
52346721030
57824776767
28853572515
33041589865
46531373199
5988013664
22480794144
5088833305
17675825728
27487877135
14017524679
17064042781
15435209925
17163007174
41838269843
51745597118
18595564473
36327026580
18337291640
5606562174
5016407554
48237054930
7429716710
336709995
44879205696
41928562784
32614151316
44265045216
11657462598
56400067631
3606524570
34606908530
46909652667
39196671716
53457487505
54485852801
52668502434
38792705915
44275762066
30027744482
33351118948
39008048913
1989064261
63413436053
30151738616
39772569035
32825394644
65642962838
40367069028
44586177119
66075271737
15727134559
45233978535
51357937682
12227977980
6551573153
43235933304
42219955784
57250786528
12143048565
50746755855
27923869618
56675736633
53410767540
43442995358
2613765868
61436058170
38749449735
63286401664
62966532587
32037238526
52447624222
52622093261
37232826095
34254195101
34882888335
27333611331
64510898006
59798478443
42903039705
50355571596
13325605228
41843374234
32059431964
7912247523
25484650928
17996457138
17740426876
5039525657
14857968031
15091424928
34757476336
33236599754
15414723669
15122231924
15541846154
26563006953
25091311219
50321435626
52780173925
15031420502
4068607043
9400527012
52076480780
26915848594
3262373129
25606720250
18546297480
36299805935
46004868942
32839349490
15785471516
23978618204
9867006484
67928128413
29537152152
22506851873
5846301722
62101574659
15480354874
67995755574
33677562848
15121889613
67316892919
19314497089
36258536525
48410120802
27723101448
7986130371
40040509722
66488260711
44522737069
68311986375
2831775960
35856941772
55512207203
33916709687
6566275971
11584776544
48986097101
3658110278
59601272048
36526905076
16814732721
24862521730
70271680
23549381473
44854201771
25121492228
29784008719
23605540076
23353383264
53688212299
47832440932
41636091365
54225391865
56295827080
50932376412
46566809128
3570059985
54590636384
59494544619
2862119349
19215545708
16560270611
39677481915
52434759848
9915899534
64884184576
7028816608
59088658356
3938846060
46154314589
24575784795
24103241166
9995400897
42237727589
9183251280
6578927636
62251024285
48037000777
17126627894
8836966183
27361776692
7774135515
23580186451
16975295206
27513517913
61939357731
45239160837
32160510151
1407949485
67931360188
28733431770
68311171825
39824284878
15943756232
62873332776
36057219552
41271279289
13441956688
38620840163
49735733877
61880362343
55677631800
60169991336
26634335125
32270405094
4305150873
42812671282
45505862647
43721370608
37062737813
49621772279
36673357759
25269443166
30600694334
61693481164
11925154981
33808726887
17529548555
62725603685
63355246713
60774985439
20146749179
12173006470
18793914950
53791567378
56636290677
29369661023
33140029631
46695033953
5937276018
25342637406
5159360433
19837409029
27617227588
17023098386
14218061327
12918594989
12908432597
41618804207
55547686228
19183881531
35930569361
18184681926
7179502001
8101587446
48194593919
6530367597
1726141929
42953401102
40135384208
32425570036
45562545676
11862142437
57397110835
430758603
35758073373
46673576107
40885023639
53298920944
53710466138
53983204866
40830816460
45794265311
28303207732
31870644027
42167450946
4234438739
62263576359
34187771937
41370569138
32101252171
67486339836
42167027149
44690805449
67027616482
17105839018
46521572274
49504367042
12238114829
6111328137
47050662597
40840413225
59712895469
12702871526
49610156935
28370940634
55893021762
54301125997
47154200657
27086831
64413522112
42870533478
64017335940
61019322620
34210148949
51913734772
55279425198
34483149520
32738051762
38564947484
28068212174
67364452030
58465944400
41492286304
50177250871
15554017536
40356633039
33943935170
6152631110
22225926857
20853644144
20049257502
4897358063
14085642367
14931234511
34948789852
33474899348
15758055976
13669200922
15214165277
29912413369
22166902674
47680984520
54160737125
17051327692
2982594672
10916532979
55760617761
25897758191
3508472573
21544855972
18559234716
36796063312
44417753766
32657409665
13550894094
24553052386
10909254242
67224629825
27372070500
22208392784
7606114609
61299708715
14642697649
65222516281
30240753040
16360027447
67293493521
20445119010
34748608827
47511231509
28370154665
7651312968
41868042484
66861625413
43565249775
66690804501
3184160590
37794122204
53646501560
31598433396
4939717394
8875692767
47882978266
4091667936
59422277564
35622657923
16304783481
24403978963
3951900972
23429033271
45448624492
24229767631
26971556907
24626619729
21678495535
51834107944
51008832608
40073632339
53860030055
58451448798
49701604795
43712426551
226808964
52338844112
56672753773
4155567021
17638354815
13976932427
41063290578
53736791295
12671595134
66058698451
5455763553
59899608047
3270612543
43365922631
24600560184
23398604207
10146303187
42607273645
9105719405
7992636881
62080465600
47994502708
16654077180
9814972832
26001163257
7485546168
25397967981
14163279297
27787454992
60724829989
43047566896
32800680045
2816533875
68192172911
27862308918
68314142592
42006614928
14232991090
63110417135
37057705518
40118064378
13826740725
35720153408
49368768153
61063975282
52621118094
63301092259
27883080483
33592777261
5828683916
39378497335
44254093123
46522199832
35722022733
48689350819
38020752083
22650689263
30649145232
61145947660
11313584054
30759205426
20968305790
61385653262
60359829242
61293202056
20554425041
11533952370
21086733549
51647863735
58222165734
28776921008
31132479250
44743453857
6261123421
25402927135
4754916952
17986735974
28785932918
13503003899
13339125489
16984378205
13345816308
39370312358
52190521060
21246141892
37219650541
17232411310
5096199992
6456432892
49706933704
5679738429
676518018
44298283111
41793260661
31804817107
43395528986
11571354179
57473191629
2289198656
34451474917
45069689284
40668724389
53423152119
52843453784
53861330606
39203591616
46946012261
26211234802
33404472035
42635869371
1279716549
60306621109
33899556246
41245794273
33521265371
68439105005
41484487339
45323496798
64789815428
13120177703
45337592113
48106504583
10975980165
6847797081
44147468187
42336508714
58831819307
12679431603
50149220389
29135256503
58652205804
52582005826
47209861345
1680983534
63911244979
39082711838
62291080033
60199478466
33721086684
53260330116
51821529792
36178196521
30094074879
37163214880
27875785375
66302935210
58721274798
40277231929
50878870529
14395822157
38971168436
33732192567
5828924617
23117338099
19488727653
21393262644
5376287892
13038090438
16409615824
34379879233
30539961306
14952315903
13004349083
14412166019
26714519107
24391577351
49658725964
53878969745
16339448590
2436816355
10773914635
55831509723
26882437966
2489820305
23530886270
18463956503
35726119229
45043672920
34137448956
14397885965
22804938809
11241408398
66643816104
27924403158
22516578781
6861135401
61228228180
16282026672
67967646169
30176404500
13058312378
68380188006
19974881967
35288065829
50213343208
26262096874
6719139390
40145420801
65403817321
44324969482
67024452482
3559228506
35437734946
53157083581
32160402282
8271327837
11187909798
48998167924
983580476
58721307548
35057833821
14586771863
24969106323
1924508577
23576119597
46544959808
22355843273
29325512720
21934267472
25628576919
53087653529
48012473578
42038100475
52344493354
59519250436
51108388903
45656806267
606187827
53338813221
58033932131
3127553301
18663332249
13178370519
40604539363
54669867219
12347160479
68189040239
4785541602
57178047023
1075736369
46597706924
22715844256
21489432223
9684555203
40352834046
8866339149
6280878345
63560561660
49546600037
13784642113
9504015299
29161052655
8456752615
23000410478
14874266123
27283719340
60203856794
43223718193
33260907908
3129792512
65289694981
26931114646
67751025584
41006672346
13814549250
62994770764
36123269350
40739442103
15023903692
38622906050
48028795371
62672511717
55007259409
63831985010
29542735937
34188581860
5998848765
39910176517
45603660820
44941935845
38283796696
47589296863
36011150569
22889624581
31247882331
60391511486
8784621126
32235248625
18999330574
62675866242
62128922355
60820560886
17505688414
12482108238
20445050825
53356203463
56885450115
26884129512
32205035723
45817778786
5418186759
25309620304
4673451310
18638971515
26442735018
13870797243
16485110491
15276814370
12892725499
41136508831
54397730124
17574924757
36455393909
20211559888
5055365267
5100259094
49213282939
4534004731
1701876788
44281738282
41882255995
33645913725
44779654594
12513888282
57732495859
122310931
37156435445
45090770580
39524041565
53397928466
54221516717
54908671892
40527050117
43496526926
28596797460
32694460182
38935447894
1941852142
62994755659
33231108548
40977357671
34026441234
65892025270
42203664342
46804543514
67463223852
13237964160
46655642440
48942192265
11889179691
8558894675
47077272202
41527102822
57804801508
12314180542
47495101179
29087565738
59284377847
52974769586
43592400024
2869581642
60263591756
41743599079
62854634064
61171654214
31925408994
51805748233
54563984940
38043012640
32940788547
38444799052
26056621049
67655874500
57039179498
41776172071
49423392945
15852380788
39725956119
32931182415
4764237747
23856160756
21163122340
20287547732
8131219963
15718919884
17158576978
38379591577
31728675244
14172952399
15537710049
13061890993
28883922030
23166957476
50505389320
54333596735
15672327194
1649608788
12226487483
51737448561
28153610059
3905773095
24931775016
19528288021
35632458089
44481357855
34350508796
14148948861
22275780579
12539479352
65545316313
26928380068
23358249786
6041826710
64201975609
15499175704
68035724755
33832717061
15112307521
68009529469
19206537699
34764811583
47485128026
29978914972
7140464461
41643493746
66953179559
46385497303
66530734910
1691941331
36117400060
52482938448
32584800973
6708354106
10769973314
48205251424
1211563980
56788935711
36390169333
16148425017
21532732022
2677057997
22656423857
45491364628
24499483100
29298554595
24732196163
24905764366
53844628413
49312145682
39731334894
55568840206
55941825284
49783942408
46953354852
179984725
55051335080
57806629391
1762249295
20606421492
16782943540
41843228243
52545206129
11630419164
66848300876
4800415467
58502146506
4066272449
43417237548
24686501967
23356990630
10510561132
41439533817
10842423824
4316995755
64287333621
49249951165
15798455368
11538593142
27036266439
6702299981
24568119084
16127854492
26974525519
62420812701
44579663306
32141348708
555395305
68080399662
26929808145
68357076472
40976998048
14943774724
61510233441
37019245600
42574041101
16372092957
35599767112
51367774463
63954541597
54995877180
62620819571
28457830439
31004454740
5067734119
41440636999
46011562677
45391085587
34619110292
50321406480
35209013296
24459762431
31637319973
64394692487
12372269053
32426883712
17477269211
64386154331
61009577490
63829033775
21412089925
9744251635
17627981570
53802074606
56978580080
28405696500
30904992166
46897444931
7679180398
21488769191
7772643846
18946985499
27207936793
14111609593
15234936485
13624392151
14148517313
41818899656
55464882212
17585115788
34388711803
21219810103
6355368908
5932058302
47811272651
7521554495
721103028
45715138578
42748030490
32785776606
46749294713
11888649634
56448797692
3484484027
34836998421
46614083884
39231363187
52804357336
54936650425
54216650137
42748074964
46219493069
29999795165
32509842930
40931088443
261423496
64192042099
31690342498
40511974184
30987177018
68300027415
41097820932
46386843988
67604100356
15012191443
44168669399
48166832270
12332994650
7436066658
43964539765
41959104084
57456972492
10307356665
51358901169
27525864877
56964886324
52893611898
45513873116
1736604445
61852520029
40441654693
61145924741
62988678349
30247351878
52883827827
53249662673
34642494600
30902472214
37272167403
27770634007
67617481880
57620833488
41493905838
47518431489
15634662297
38758059751
33289275537
8175976621
22298169111
17769741074
20619064770
4422727615
15612433018
13785227114
34716385619
33953655771
15365794823
15415672821
13868605825
27025772952
25651604552
49654676711
53531472445
14656427486
1687249430
12063921235
53858577560
26520926786
1013717319
23480732370
19531959420
36837504969
43535773984
30446994762
16924495762
23883440843
8910356216
66968431781
27248892344
23892788530
8043914016
61714949296
14185478129
66035421156
32660133477
15344565339
68282979843
17654795571
36637867036
47534285318
26155834997
5746940274
41037347962
64928706282
46407900111
68535687127
2921348021
36532618388
52720736843
32847630605
8258344434
12513565435
50342082248
407971035
57235402338
38589493968
16811707801
24246621669
2219409780
23191802614
43234005530
22879650962
27421854506
24420419845
22563613002
52457409731
48608024222
41636714903
52650033792
58828743346
49079195296
47241051564
351327827
54768926323
56391972630
1508814960
20020615155
16887027273
41282632471
53794657990
12390436453
66523737573
7584472047
58415658681
2881494809
44091543461
21794907840
25027363031
12320910268
42551753173
11245561251
4709358992
61147828823
51053551130
13129054521
12389747212
27349944980
6913976383
23646473678
13110891189
25876645144
62804649985
44582109620
30914625920
3512135464
67876493679
29865404413
66285191965
40277414166
14898066569
63679590559
36362111897
42641744685
13227328560
36352501418
48600385138
61250871609
55446205328
62567266084
29802865351
32582629817
5958575518
39133029865
44445848631
44806620846
36829790737
49478806747
38229915423
22814924621
33069428492
60991746573
11405295954
33389406914
19590694167
61800214300
64237041166
61246629554
17873939254
11785452001
18103421591
52722472996
58600255606
27154188089
33542909090
46048667957
6822436943
24279416840
7471218929
20416341149
26197182102
16382794646
16341482692
12899893433
13826076547
41691324840
52727643375
19359904684
34665319787
17566234279
5590252441
6301139817
50609802120
6259448544
3740594253
45864436552
39858448990
31517091173
44216506975
10088997967
57328660454
2944979953
34777257334
47032899524
42879287564
52702209333
53400792985
51625038347
39853716170
44154115379
27712081025
33660262100
40182579756
1767970831
60728478301
33168196280
40941880986
31538181533
66400343168
42628321595
44888714880
64629288261
13969928063
44858636329
50514632535
10228973721
7318830245
45069784097
40882100159
58631175933
12669892658
49753156763
27071438069
58850304775
51873564016
45600313985
1382094254
63031377877
41475411688
60749095793
63967400248
30112940377
54315900332
55327746234
35301763725
31081214935
37707506118
26162120966
64817465497
57244664165
38767118431
48808936274
16502774051
39115624825
33658899807
5009390556
24069243651
19629548036
17929572557
6979994614
15195377370
17026835409
35378293083
32924927475
13708909203
14528178278
13627309044
29913866682
24411416285
49969489125
54166803185
15572544700
2944993872
10259709214
51853910006
29678427159
3377546580
25337382630
17970933842
34761276287
46508464688
34358813346
16078440291
22524539651
11444074943
67563513587
26790410984
21633756834
6021159198
61956478031
16587508616
67681612735
33234784155
14210909110
65064361980
19838770189
35363282996
51343324202
27824319170
8401865896
41391128108
64898176807
44543649672
68355293461
4083570613
35454706633
53233746688
32329456853
7149469983
11583192954
50163663726
1826588840
59933923430
37642025782
16458657528
23276291535
378036441
24025397153
45074479011
24608130157
26182837976
22621793444
25711583767
52507238089
50249131059
40891312635
53978789680
56275538969
50977070205
44115943774
322862220
54856657232
58931997233
802673655
19909361330
13087615471
40940271340
53953207145
12104360898
66661664478
5020249555
56363125927
2331360877
46754943775
21582450673
22209793035
12552191892
41390416706
9332130881
4508685125
63230749269
48608085928
14122590504
9585003182
29239614852
7670814361
22879811067
15737321296
26240070640
61485562007
44941107775
32497794146
1329719818
68710650741
29321281000
68046238463
41121600247
12909531752
64011900050
36890904511
40651783035
15539416597
34511282656
50737395459
62104534064
53657474201
64242801902
26284116186
32319165342
6298330516
40044874338
43242238108
44416754009
34885167851
50926686265
35343231603
22446946884
33699868375
60576257510
12166452575
32692922324
20488643543
61436469944
60654652821
64320628856
20657288384
11902692516
18833927204
52549827286
58152275369
28135025307
34052550519
44148306321
8529332886
24495595076
7127493460
19379131195
28395410618
15054100158
15318225895
13817563848
15686689112
41588427454
52261739519
18476844754
36163831629
20510407556
6131622011
4638221340
48529808708
7196490343
2256855415
44751097244
42074890534
32252373603
44249535909
9393941277
55927921484
1154755539
35644703248
45302454893
39007795743
52426535395
55054750945
54006936356
41258947533
44476695300
25797662547
34215255120
41093513452
980633090
61515402871
30292475962
40076467837
33450638055
66985839436
41001338927
45892427221
68464806190
16978627503
44265762135
48289760822
12606490551
6468197945
45201094418
41444207597
58494940000
11930714873
48147623896
25777934201
56930840881
55744679981
44133835774
2713595215
61364277243
39681935528
60729812444
63781857654
33539414560
55774312725
52405657782
37703374905
31177345608
36187287024
26357247480
64616465329
59158478044
39751509570
47744099187
15217244307
39718121119
31461707663
6696173177
22060566336
20732090175
20307735796
5808339185
15066505040
15783484223
37792211701
31446899597
14346796436
16043946343
14258400125
29378438861
24010046938
51025519975
54076802165
16498526094
1943836197
9851299786
55590713902
26935069167
4014981550
23925519484
21091614628
37901717528
46414419038
33148497156
14634022089
22312568806
9835199232
68567849701
28897352208
23377960177
5903396520
64006318572
15561943680
64886133557
30569353534
15800122807
65246067160
20562306742
37705090824
49039423827
26413282644
6785306470
40163967700
66596775478
43747766637
68042622631
2061742878
36200503646
54213481047
33081476649
8305897039
12066130808
47744918785
1671292600
56263540927
35387745255
15870690780
24839303535
4269719048
25753504063
45861812037
23418302625
26921095538
24869216840
23463586539
55765644108
48903410917
41925554225
53868702264
56959164417
48847241693
45941704979
3039448976
52278227569
60112476017
4261648453
17270264256
14330825446
39719184292
53300519828
9296146020
66706380127
4971801892
57941761439
2222718359
46099968972
24339915535
22801675068
9483961112
40880517697
11838403475
7506343446
60219659254
50705293349
15145946396
10870563985
29269819360
7479242379
22006332605
13754288946
28947599028
60896355697
44132000096
30483104600
4133597898
67276949295
29020776929
67346015730
41911471384
16798429835
62363477571
37657551425
42041133945
14110239296
34967739766
47647820773
61472160348
54795027738
60732201725
27503764784
32181148711
6718230693
39091052699
46366977118
43230388637
37569146893
50113916936
34590900199
22054460505
31991809283
61512558692
11597438453
33326120278
17773018465
64168306188
60200274386
63724298325
19643603825
8627867073
18269102862
52821971888
56371650186
26565643164
30080348542
44675507723
7855501611
24568550698
5404190213
17872446666
26578678455
12986188835
13374871902
14812688875
13287081918
38740890889
52133599675
18618081753
38189983335
17786623184
6212899383
5927188084
48721526163
6405871160
243224676
45923678768
40580568497
31822535402
45314958065
9638016660
56437416365
2651988179
35934595885
46555231704
40913472105
54193558737
51562926653
52637793281
40254845906
45070601160
26807050615
30764757756
40584694061
247000301
61753933692
33069095628
38950537265
32744056774
64954332976
41609137478
45793401835
64962257429
15660929855
44108730354
47347982847
9422980621
7650689349
43300540831
42049005361
58361541113
11418628969
48770178432
28986188894
57736033987
53401217984
45480013068
1246451345
62792358333
39709505190
61931435231
61391533715
33896232601
55757661992
53629966275
36395238657
32780448124
37093802229
27443490738
68472733259
57142772869
39581764795
51273498321
16496927735
42584919085
32128170174
7265650449
24946020691
17585220882
21345580110
4984885642
15207618141
15117924726
38615598944
33766256592
13812894001
13926778841
14923079730
27225307865
25602808986
51411686462
55324315429
16786069848
2695646675
12651849772
54256099749
27540050391
1659787912
23561441159
18227507952
36778474363
43600372659
31411833641
16429165025
25300724837
10851812435
64658943464
28787829104
24724917317
5115984758
60301395417
14121961614
65898438141
32636078282
15506412218
68429673883
21351474096
37185749570
51506052499
27495953331
5567616739
40178983000
64823747305
44547142071
67897124455
1380500618
36815496502
53626687862
31636854648
8041375428
10431562211
50148519313
2168042411
58892976630
36363739647
15209862793
25248543318
1176313419
24887668983
46795189463
23940010269
28296764785
24625180807
25262295232
52856252808
48679729074
40036762086
52903726218
58675710801
49953996452
45833092757
1972430409
52611379928
58484285968
550636049
19137128014
14701474273
40235439357
53625894415
11478008395
65675198667
4481032502
57712928164
1949388500
45574104477
23346964298
24113992644
10315662108
39779525350
9544356098
8385795421
60890930749
50084642375
14491196831
8638923663
29173641012
5496856611
22000543083
16706051416
26573161784
62581516386
46787047435
31082243740
2364178362
64902008790
28304738373
67880448221
40539959157
14320021371
60943459515
38253516210
39847203422
12976668923
34855573140
48954805091
63009716249
53359329801
63223407399
26925440085
33366263393
5110416954
39479233521
45737258312
46120787269
35292612092
50322796884
35600137386
24971695688
31276805955
64374951974
11988069045
31632841515
19763829249
61494143687
63288637094
61196202182
17478653436
12421781262
20862826510
53791931409
57337479827
30008495374
34346086363
46812014423
6942266259
22272814261
5019397330
19968322559
27450029507
16332088644
13678989762
15745450392
12973353320
40630624596
55406509090
20719536365
37707421316
19052326995
8068785828
7822845465
50505083235
5692684177
3164982314
44660392531
41890603969
31097603844
43362948015
10594412438
59805653268
2383872296
34779556928
43831571695
39760973339
51841984247
54775893931
53444724786
39883648552
44122667797
29852943046
33848340561
41411022986
1587673779
61053778516
33333249091
39074129866
30916638994
66492093850
41926651445
47226586050
67426758517
15292022311
43938299555
50466689681
12749074259
5436058949
46446531129
41141566021
58286278312
11205853158
51364956024
28218130842
58138099651
54383615186
46998572247
1499134319
60272289636
40319223484
61492743882
61035693042
33793134797
54406895678
54417763471
35816363717
30298652969
35472088048
28360519305
67699720139
59451054640
42871774443
50081546604
15061041728
41274935417
31152632973
7797267082
24233084463
21283053354
18958726397
7450450565
14699699539
12909063071
37344277516
34335537538
15302617317
17109031010
17079132916
28142632699
24674739970
47987879661
53009879492
15204805111
2838721429
12092243076
53228708962
28577925363
1941308881
24215628719
18160077190
35681732112
44265902674
30381877318
13418950615
23400176361
9036884922
68276352184
27546017367
22772431519
4412023996
61668430968
15144204913
67789153408
30537149759
16993440110
67819480335
21022009063
36760521856
47251777024
28289882513
5886258507
39004502432
67220721277
47201038455
67754367062
904409487
35247619155
51903582082
33006239448
4559339360
9353226455
49906034648
1398685867
57256922260
38141314602
16342066809
22849591560
1019666515
23311747684
46701494944
25194952048
28281271486
24703533645
24841694705
52726755782
51123976129
41955656780
55398216777
57665359543
50424308614
43461400865
952159418
53896800424
59386909178
3678489381
17487787794
17094428660
40313512129
52008889455
12056450073
65427437273
4648107101
59927131055
2873412422
44891456249
23977135965
24217908879
9610857534
39046944588
12354381888
7481253632
61971133794
49271179115
12959725819
8884876067
28413061739
6630063363
22447031810
14211255841
25981860090
62236264576
46951260677
30516209726
60428886
67750383538
29573500555
68317904974
41479834267
15741203830
63325454826
38300186644
42890344296
13475496435
36550945661
50304542387
60814127159
55259699366
64187570869
28193449324
32905005027
7134969164
38832235993
46951664958
46711635524
36639306264
50225852745
38566191947
23312825316
30138911461
60698658030
8660235392
30687616956
19210702601
63072267443
62871459261
62564901826
20535560767
11399965831
17476615463
54919644577
58570052400
28559833826
31777691832
44553326352
5260708698
22764215626
7029279402
18722364637
27828883863
16585611178
12944418169
16325143688
16684492093
39393513743
53096833249
20196838857
38419726460
19295545007
6381623203
8343025783
49978907202
7594137335
539959484
45689472451
40541525209
32800032999
44188487695
11939880150
58812949358
2047192463
34762499048
47177165231
41854128062
55335295982
55489892705
55677345886
41752619849
47100557484
28870564907
30201205309
40649089647
890255732
63752389017
33944926118
39196072669
33444629818
65709749581
40970802187
45272841232
68106946425
16780907528
44577835041
48002013226
12600741024
5924401349
44864262036
42027923277
57774249999
11610155186
50568524686
29496882394
57403614854
54333912141
45075964627
18941315
60872971327
38663456056
63303934652
60753418584
33622431614
54863436116
54411673492
36911062700
33272132261
35420684927
28667068966
65859946047
56226744827
39021386515
50710086864
14333321247
41572072229
33639826445
5761629094
24639194305
17345410882
17535888377
5815389893
15634986542
16669434640
36837252277
33749969062
14803217743
16210264516
13180155993
26660853308
25699758622
50814496306
55321346549
13059308961
4087764061
9123362147
54808600325
26867266574
822586673
23761432284
17814624852
36418533338
44484781408
32479597110
14159919429
25048802553
10764068270
67519163742
28549889807
22193980161
4770940208
63365758343
15022773095
66961588107
31650768068
14139609507
66726740865
18253415536
38241039216
50591842714
26858952464
5489412306
38829678330
66193992730
46680162503
67814439418
249096426
38535245595
55505030061
34229873697
6154017260
11825283405
48406103078
2820579668
58672257527
36605973258
16576841922
24779795493
348503421
22757894377
43341651713
25468954600
26636708466
22838164160
21955579235
53201962985
48157751248
39769205909
54500748365
58836951451
48147168629
46152469375
301422728
51754972813
58830245713
333751626
17884980244
15987893021
42160488500
54955659528
8971026982
64889112414
5154526597
59658665194
3170045576
44892396102
22536105095
21750349509
10215827115
42671215761
12696361509
5317940868
64286623660
49229638596
15637336273
9032962300
25871896624
4355113217
23792617009
16712224205
27358827154
63848976708
46676818239
33015686696
1030945098
67662735232
29965554579
64566925897
41272387566
13778990289
63908739744
36006107165
40440895454
16455582906
37210755473
49060500312
64405457536
51607060839
61342897258
28987227269
32589734407
5077720360
39162780839
44258662775
45070825709
37441924518
50066922543
35087505292
23124518919
31333642621
61100556877
11971062186
34025365097
21252527689
63584373578
61093352861
60413947931
19143416386
10536219799
20091715168
51995790722
57684892251
29179417634
32107530903
46140982446
4545248954
22677728204
5886136637
20629913820
26404481732
14767078682
16090967791
14598989595
15565854377
42065578545
55724503742
19918599543
35325309145
17448014198
8018597977
4542171882
47786872000
6001809728
3531735448
44281860874
38873393286
30644173744
46031267961
10934061663
58210892105
780797258
36577605657
46061253908
41882676238
53895597062
52241376550
53429449581
40870902608
44107388191
27981525606
32012097570
41324139810
1096005080
60644317103
32720520112
42575928016
30681191694
66537134089
39412556567
45453698408
65672333851
13460870414
46441839978
49887886341
8658979405
7440646707
43836954976
42161046517
58154651378
12556907785
48755237309
29980405917
59850635431
54394630184
43765214094
4017442705
61473621479
40076395545
61652217002
63608082526
31824850128
55489644920
52510424639
35139950248
30087393609
35804192826
28548477117
65158262404
56803066439
39636027505
47804888318
16539665928
40608666159
32450462966
7345970054
22026321754
19221114473
21193708547
8155997793
14100770970
13722458945
35465741010
30589853754
12930459951
15586571520
13880910720
26242455247
25022452827
48744315717
54523231911
16215388724
275158950
8593837071
54965267981
28052046297
189996566
22135523059
19658776821
38077144066
46513067162
32004760204
14201170398
25283057195
11736580804
65217941327
29301378218
22086839011
6160417982
63910776052
14547745766
65361577466
32500628229
16230030943
66570878353
19990082920
37617059050
48274030932
29364942202
6288361086
40225274982
66042148907
43839825949
66913602228
145610551
37427489008
53668167504
30194033808
6709395081
10521028143
50540545700
2618657677
59234685144
34868708264
16421249928
23337277771
2551771566
24214386994
45405568589
21834045725
28064561565
21626870237
24112896068
53419053389
51303016877
39084666475
54421296359
59425152974
47747798609
44089568257
796045467
55576310536
56996237851
2280528021
20864860584
15683950670
41058039895
54819249142
9202674081
66411821913
8206990162
56206560636
2191632399
45455048052
25053777907
24822286291
11511889966
42864861944
10717601541
7916944570
63643579662
47814722341
15859617821
10079618120
26792607898
5111537424
23527142040
15164802703
28730169956
64118710806
43722250988
31537029702
3453874781
68171170197
26070049381
67395804022
41922151532
15570505177
63803558251
35776984215
39417845578
15440720538
35075914553
50831508618
61989128484
54718830189
60944593011
28376951697
30828293970
4681382987
42807227472
43421569330
45234943339
37249429644
47518887633
36089832553
23542043790
32048618416
62300800392
11659225163
30809274636
17918835077
60290147524
62285179914
64190199661
19562249279
11899219284
19303936925
52917554902
56434116008
28755171230
30890347098
44620663696
5807599827
24260951416
7171382613
20566938478
26110536090
14370724479
15638056726
16378724258
16286464694
38780791977
51725330691
18199962940
34773663009
19793360621
4922111843
5997561842
50549019242
5120702966
2455281848
45507799017
42755416607
30247786229
45039885233
12648990154
57473012712
2844317911
36157818479
43499524100
42288338440
55619276999
55714062731
51762380636
42830596650
45545872061
29469794791
33206247307
41688047040
3715658236
63673720506
34194849266
41270888673
32984342952
67062704702
41432237599
46312849835
66253637907
12976036903
46595926345
47436430129
11349006310
7351482350
43053081404
39679777793
56739160930
12600616791
49255099265
27391237498
58169101031
53640394344
43133010745
324038089
63276615243
38976733785
60581765034
61694299209
32724781738
55316346280
54551161310
37735824972
31715622242
36874487842
26422181451
64984762693
56607612203
40762161089
50177732682
16484111844
40882963109
32821568188
6533265555
25213951161
17470481133
18930308341
7794860883
14624002506
14482022905
34547742861
33931760067
17178332936
16146566627
15330814143
27888735465
22422896288
50313055425
54476967780
13166685819
201781755
8690890843
54323660528
27860685972
1115563423
21912446217
19254353994
35591289578
44730338889
33139910975
16609060655
22582386467
12585822055
67907673836
26875280347
25447702907
5123179169
64069142354
14280331206
66189257338
33954070964
14530080053
68264169779
18090228774
35801006336
51032403722
28096607867
7656649137
40194875419
66012200043
45554837952
68067835563
157343260
36872408873
54065391818
32006481079
5416127259
9227861140
49850181201
3917133703
58864094060
37963109262
14135674601
24381168333
1433844074
23850136929
44889080776
23040617387
26934430387
23046432635
22573701751
52735170514
49425192591
40169838439
53319269532
56679194292
49043680163
46586952108
1065661164
55608305992
57305890245
576761806
18607965998
14737310287
42004621750
52587269686
12586307389
67237623061
5714717021
57036899556
3515323774
46814228776
25679145083
25154159230
10876137099
42606577581
10907378100
6236390574
64411524827
51425599814
15431394905
11559429641
29863106754
6573252543
25680848035
17164912305
27220408812
61385914648
45359306248
30177767271
914876921
66828243403
28341620827
65769415109
39901302976
14460966145
64309888768
34573272352
42034721106
15373591406
36748033841
49569522517
60662858963
52912057858
61400727644
27350953706
31511204612
7825023617
39369452945
46142050522
45411625425
34876530847
48922072322
37282503128
23077933587
32371257801
60622643026
12680296003
33702693487
18657809281
63889731595
62661730335
63443087677
18916775042
12820974238
20452841700
54541152782
56803340785
29309677145
31644323895
43173779667
7791352362
22553189582
5149208395
18367760814
26106260230
14060710689
17021404090
17082987549
15731881500
40032269155
52732421717
21379673265
38088289473
19555866622
7896712355
8451732432
48705433404
4671470494
1618641000
43343997604
38787403974
31698266918
47174420750
11628625515
59898599115
500141930
36420844920
44292874636
38793742477
54206727316
51958122483
52317503422
39344875225
45100364195
29551032552
33577289874
40222445029
21127155
62073881675
30614681500
39251023804
33532533679
64906120313
41366884721
45543640193
65772786430
13569715863
46684880978
51398661964
8992560453
8437228857
44460914067
42795250521
60021338685
12366988751
50712266141
28019721238
56265729533
51849151498
46011620151
2395241686
63961695347
39201684449
62163091303
61156214721
33237003971
55367604949
53808512979
36492488432
30188691871
37891898455
27977734425
67884923980
59244157924
38838885175
47642050611
15906559991
41085293071
31839493784
7643648278
24441854168
21108098080
20321401492
6168274936
16996282005
14633570829
35750235572
33535347875
14641527142
14678720200
15216923479
29099168380
24590497881
49234226387
53367898369
15413050139
1157455295
11163653058
52172870023
26664371761
1467856789
24148976728
17513128016
35109048942
43511271258
33194920592
14452489522
23420248406
11548352547
67485897679
29113474375
23587745478
6847308075
61277388229
15842259467
65352712504
33759298146
13306902743
66300627332
19251262552
35817449752
49275141973
26150159804
4886865800
39536978258
66311632073
44784469376
66821098943
1473880761
37401001193
53461635548
32993057100
5583722732
12442932771
50129115905
23251798
58009927811
38598947283
15157329662
25151599457
1779964970
22928041229
44420835837
25161213238
28309293935
21659339247
25087419643
55721896886
47912008230
39754932660
54341894740
57577813362
50517872511
44628734413
3128705813
55134166429
58933256750
3258446901
18050794123
15767992414
40111882596
51622880023
9885681065
67401099813
4714909596
59752478998
4095401839
43011654844
25325431340
24095980835
11469192045
40230707180
11491385818
4854772172
63471222870
49386915566
14996055307
9228541314
26027003141
8513644256
22316109511
13871992322
27137913175
64375424491
46321767293
30443620615
72992089
67209990407
30047541726
65878742406
40182082840
16629289442
60767073008
37906229595
41308910583
13141159869
37897700795
51181098322
61639426768
51626114193
64065775925
27316605762
32979732820
7843511218
40006500736
45932477003
47011312445
36651039639
49071150298
38032463024
21706815636
30845209874
62595358214
12774655223
30684405693
18408659206
63485832894
61222211266
60641690820
20991444292
11379271214
19098921409
55696373111
59434277802
26423225944
34264512678
46772991071
6533710398
21878032649
6918027356
20263467906
28577626581
14687698292
16393776021
15272370805
15502742176
41204710563
52887579905
18857051338
38473399516
17286430591
6500144097
6209045036
50787236827
4408386017
1284580204
47055098732
38670545597
31066187493
45831157411
8871180672
57389321237
4158024837
34878104885
46471912691
39338355172
53978535049
53697651643
52594058558
40610158361
43338582555
27142545946
30683817455
42355278441
1644414697
61133492120
33182417220
41281654885
30395943836
65919599474
39377208023
43125107748
65474436351
14007133402
45758951700
50744984483
11803381391
7166157915
45445178091
42412045580
56685590419
12192384912
51508102119
29923572197
55874397952
53752359255
44228437191
1748742849
64284671687
39754226068
60793872333
60500049276
33394789884
54943605990
52311462681
38597085729
30287897797
34625431315
28336147809
67397100516
59204708780
41138156716
51392127995
15403783333
39860414230
30276376308
6588461250
24054147356
17258379354
20253475395
5336038241
13509255532
16031067740
37841691045
30389014674
14599140676
15231665841
13606688606
26099774870
22370058997
47741092660
54677994230
13660880324
3394024749
11293837894
55266814037
28717202084
984610625
24898381951
20624075940
35652910997
46878894933
30478108643
14662836379
22429214696
9261909243
68666223989
26657802849
23743684080
7771349308
61087042745
14330219862
64904904549
33094105317
16388385178
68425658709
17567028860
35577760085
48877474013
26499751152
7411160080
40478155872
64535250370
43928684790
67196517532
3896503112
35498855676
54282014769
33118696695
5061507802
9339215888
48848678763
4065771970
58369444646
38395078814
14146155453
25530945828
494115000
24983969508
45482164507
22800490529
29018078406
24032569109
25443868371
54615663407
50379141196
39049673202
53521638883
59280234393
51514574136
44544293909
3133743569
51878361447
59836087976
1295685672
18104717545
15768899163
41722194445
55213690327
9389232899
65887191860
5101791479
60001115074
3974255776
44479242641
25036836836
22148527509
11686749649
41093570969
11945502829
6098150657
62048525750
49085702501
13250468570
9719218393
29353692046
6038987454
22217391193
15829860429
29081230078
61046722181
47148421252
30952824882
1556224418
67363357019
26504682229
67470660694
40927303357
14905339109
60616593429
37106442415
38990196547
16707542101
37623041465
50581995094
63239805548
55302413451
63019267739
27384731223
32110089429
4912479134
41138126490
46903817387
45578161091
38135502026
47643863587
34596061215
22998493248
31677175821
61626322390
8663233789
33477184491
20711614410
62238157509
62774002565
60343242551
20269457075
12437493680
21305390878
55519364294
57847888094
29059205959
33453798939
45088276979
8521464074
23697176650
4512562791
18036099192
27779639334
14597116577
14605598062
